-2.5 -1 1 0.251 -0.203 -0.0207 0.405 0.313
-1 -0.5 0.251 1 0.0694 0.0613 0.532 0.718
-0.5 0 -0.203 0.0694 1 -0.018 -0.312 0.213
0 0.5 -0.0207 0.0613 -0.018 1 0.195 -0.111
0.5 1 0.405 0.532 -0.312 0.195 1 0.183
1 2.5 0.313 0.718 0.213 -0.111 0.183 1
