0 50 1 0.632 0.0617 -0.275 -0.214 -0.135 0.0251
50 100 0.632 1 0.255 -0.309 -0.574 -0.705 -0.567
100 150 0.0617 0.255 1 0.74 0.219 -0.14 -0.0711
150 200 -0.275 -0.309 0.74 1 0.768 0.452 0.457
200 250 -0.214 -0.574 0.219 0.768 1 0.87 0.883
250 350 -0.135 -0.705 -0.14 0.452 0.87 1 0.967
350 800 0.0251 -0.567 -0.0711 0.457 0.883 0.967 1
